(kicad_pcb (version 20171130) (host pcbnew "(5.1.7)-1")

  (general
    (thickness 1.6)
    (drawings 88)
    (tracks 105)
    (zones 0)
    (modules 62)
    (nets 33)
  )

  (page A4)
  (layers
    (0 F.Cu signal)
    (31 B.Cu signal)
    (32 B.Adhes user)
    (33 F.Adhes user)
    (34 B.Paste user)
    (35 F.Paste user)
    (36 B.SilkS user)
    (37 F.SilkS user)
    (38 B.Mask user)
    (39 F.Mask user)
    (40 Dwgs.User user)
    (41 Cmts.User user)
    (42 Eco1.User user)
    (43 Eco2.User user)
    (44 Edge.Cuts user)
    (45 Margin user)
    (46 B.CrtYd user)
    (47 F.CrtYd user)
    (48 B.Fab user hide)
    (49 F.Fab user hide)
  )

  (setup
    (last_trace_width 0.25)
    (user_trace_width 1)
    (user_trace_width 1.5)
    (trace_clearance 0.2)
    (zone_clearance 0.508)
    (zone_45_only no)
    (trace_min 0.2)
    (via_size 0.8)
    (via_drill 0.4)
    (via_min_size 0.4)
    (via_min_drill 0.3)
    (uvia_size 0.3)
    (uvia_drill 0.1)
    (uvias_allowed no)
    (uvia_min_size 0.2)
    (uvia_min_drill 0.1)
    (edge_width 0.05)
    (segment_width 0.2)
    (pcb_text_width 0.3)
    (pcb_text_size 1.5 1.5)
    (mod_edge_width 0.12)
    (mod_text_size 1 1)
    (mod_text_width 0.15)
    (pad_size 5 2)
    (pad_drill 0)
    (pad_to_mask_clearance 0)
    (aux_axis_origin 0 0)
    (visible_elements 7FFFFF7F)
    (pcbplotparams
      (layerselection 0x010fc_ffffffff)
      (usegerberextensions true)
      (usegerberattributes false)
      (usegerberadvancedattributes false)
      (creategerberjobfile false)
      (excludeedgelayer true)
      (linewidth 0.100000)
      (plotframeref false)
      (viasonmask false)
      (mode 1)
      (useauxorigin false)
      (hpglpennumber 1)
      (hpglpenspeed 20)
      (hpglpendiameter 15.000000)
      (psnegative false)
      (psa4output false)
      (plotreference true)
      (plotvalue false)
      (plotinvisibletext false)
      (padsonsilk false)
      (subtractmaskfromsilk true)
      (outputformat 1)
      (mirror false)
      (drillshape 0)
      (scaleselection 1)
      (outputdirectory "gerber"))
  )

  (net 0 "")
  (net 1 GND)
  (net 2 +15V)
  (net 3 "Net-(D11-Pad2)")
  (net 4 "Net-(D12-Pad2)")
  (net 5 "Net-(D13-Pad2)")
  (net 6 "Net-(D14-Pad2)")
  (net 7 "Net-(D21-Pad2)")
  (net 8 "Net-(D22-Pad2)")
  (net 9 "Net-(D23-Pad2)")
  (net 10 "Net-(D24-Pad2)")
  (net 11 "Net-(D10-Pad2)")
  (net 12 "Net-(D15-Pad2)")
  (net 13 "Net-(D16-Pad2)")
  (net 14 "Net-(D17-Pad2)")
  (net 15 "Net-(D18-Pad2)")
  (net 16 "Net-(D19-Pad2)")
  (net 17 "Net-(D20-Pad2)")
  (net 18 "Net-(D25-Pad2)")
  (net 19 "Net-(D1-Pad3)")
  (net 20 "Net-(D1-Pad4)")
  (net 21 "Net-(J9-Pad1)")
  (net 22 "Net-(D26-Pad2)")
  (net 23 "Net-(D27-Pad2)")
  (net 24 "Net-(D28-Pad2)")
  (net 25 "Net-(D29-Pad2)")
  (net 26 "Net-(J10-Pad1)")
  (net 27 "Net-(J3-Pad1)")
  (net 28 "Net-(J5-Pad1)")
  (net 29 "Net-(J7-Pad1)")
  (net 30 "Net-(F1-Pad2)")
  (net 31 "Net-(D31-Pad2)")
  (net 32 "Net-(D32-Pad2)")

  (net_class Default "This is the default net class."
    (clearance 0.2)
    (trace_width 0.25)
    (via_dia 0.8)
    (via_drill 0.4)
    (uvia_dia 0.3)
    (uvia_drill 0.1)
    (add_net +15V)
    (add_net GND)
    (add_net "Net-(D1-Pad3)")
    (add_net "Net-(D1-Pad4)")
    (add_net "Net-(D10-Pad2)")
    (add_net "Net-(D11-Pad2)")
    (add_net "Net-(D12-Pad2)")
    (add_net "Net-(D13-Pad2)")
    (add_net "Net-(D14-Pad2)")
    (add_net "Net-(D15-Pad2)")
    (add_net "Net-(D16-Pad2)")
    (add_net "Net-(D17-Pad2)")
    (add_net "Net-(D18-Pad2)")
    (add_net "Net-(D19-Pad2)")
    (add_net "Net-(D20-Pad2)")
    (add_net "Net-(D21-Pad2)")
    (add_net "Net-(D22-Pad2)")
    (add_net "Net-(D23-Pad2)")
    (add_net "Net-(D24-Pad2)")
    (add_net "Net-(D25-Pad2)")
    (add_net "Net-(D26-Pad2)")
    (add_net "Net-(D27-Pad2)")
    (add_net "Net-(D28-Pad2)")
    (add_net "Net-(D29-Pad2)")
    (add_net "Net-(D31-Pad2)")
    (add_net "Net-(D32-Pad2)")
    (add_net "Net-(F1-Pad2)")
    (add_net "Net-(J10-Pad1)")
    (add_net "Net-(J3-Pad1)")
    (add_net "Net-(J5-Pad1)")
    (add_net "Net-(J7-Pad1)")
    (add_net "Net-(J9-Pad1)")
  )

  (module Wire_Pads:SolderWirePad_single_1mmDrill (layer F.Cu) (tedit 630B6C24) (tstamp 630B7674)
    (at 211 67.5)
    (path /6310E31D)
    (fp_text reference J11 (at 0 -3.81) (layer F.SilkS) hide
      (effects (font (size 1 1) (thickness 0.15)))
    )
    (fp_text value Conn_01x01 (at -1.905 3.175) (layer F.Fab)
      (effects (font (size 1 1) (thickness 0.15)))
    )
    (pad 1 smd rect (at 0 0) (size 5 2) (layers F.Cu F.Paste F.Mask)
      (net 1 GND))
  )

  (module Wire_Pads:SolderWirePad_single_1mmDrill (layer F.Cu) (tedit 630B6C16) (tstamp 630B7671)
    (at 211 70.5)
    (path /6310DE53)
    (fp_text reference J10 (at 0 -3.81) (layer F.SilkS) hide
      (effects (font (size 1 1) (thickness 0.15)))
    )
    (fp_text value Conn_01x01 (at -1.905 3.175) (layer F.Fab)
      (effects (font (size 1 1) (thickness 0.15)))
    )
    (pad 1 smd rect (at 0 0) (size 5 2) (layers F.Cu F.Paste F.Mask)
      (net 26 "Net-(J10-Pad1)"))
  )

  (module Resistors_SMD:R_1206 (layer B.Cu) (tedit 58E0A804) (tstamp 630B621E)
    (at 287.5 83.5 270)
    (descr "Resistor SMD 1206, reflow soldering, Vishay (see dcrcw.pdf)")
    (tags "resistor 1206")
    (path /630CDC48)
    (attr smd)
    (fp_text reference R32 (at 0 0 270) (layer F.SilkS)
      (effects (font (size 1 1) (thickness 0.15)))
    )
    (fp_text value 300 (at 0 -1.95 270) (layer B.Fab)
      (effects (font (size 1 1) (thickness 0.15)) (justify mirror))
    )
    (fp_line (start -1.6 -0.8) (end -1.6 0.8) (layer B.Fab) (width 0.1))
    (fp_line (start 1.6 -0.8) (end -1.6 -0.8) (layer B.Fab) (width 0.1))
    (fp_line (start 1.6 0.8) (end 1.6 -0.8) (layer B.Fab) (width 0.1))
    (fp_line (start -1.6 0.8) (end 1.6 0.8) (layer B.Fab) (width 0.1))
    (fp_line (start 1 -1.07) (end -1 -1.07) (layer B.SilkS) (width 0.12))
    (fp_line (start -1 1.07) (end 1 1.07) (layer B.SilkS) (width 0.12))
    (fp_line (start -2.15 1.11) (end 2.15 1.11) (layer B.CrtYd) (width 0.05))
    (fp_line (start -2.15 1.11) (end -2.15 -1.1) (layer B.CrtYd) (width 0.05))
    (fp_line (start 2.15 -1.1) (end 2.15 1.11) (layer B.CrtYd) (width 0.05))
    (fp_line (start 2.15 -1.1) (end -2.15 -1.1) (layer B.CrtYd) (width 0.05))
    (fp_text user %R (at 0 0 270) (layer B.Fab)
      (effects (font (size 0.7 0.7) (thickness 0.105)) (justify mirror))
    )
    (pad 1 smd rect (at -1.45 0 270) (size 0.9 1.7) (layers B.Cu B.Paste B.Mask)
      (net 26 "Net-(J10-Pad1)"))
    (pad 2 smd rect (at 1.45 0 270) (size 0.9 1.7) (layers B.Cu B.Paste B.Mask)
      (net 32 "Net-(D32-Pad2)"))
    (model ${KISYS3DMOD}/Resistors_SMD.3dshapes/R_1206.wrl
      (at (xyz 0 0 0))
      (scale (xyz 1 1 1))
      (rotate (xyz 0 0 0))
    )
  )

  (module Resistors_SMD:R_1206 (layer B.Cu) (tedit 58E0A804) (tstamp 630B621B)
    (at 231 83.5 270)
    (descr "Resistor SMD 1206, reflow soldering, Vishay (see dcrcw.pdf)")
    (tags "resistor 1206")
    (path /630CB479)
    (attr smd)
    (fp_text reference R31 (at 0 0 270) (layer F.SilkS)
      (effects (font (size 1 1) (thickness 0.15)))
    )
    (fp_text value 300 (at 0 -1.95 270) (layer B.Fab)
      (effects (font (size 1 1) (thickness 0.15)) (justify mirror))
    )
    (fp_line (start -1.6 -0.8) (end -1.6 0.8) (layer B.Fab) (width 0.1))
    (fp_line (start 1.6 -0.8) (end -1.6 -0.8) (layer B.Fab) (width 0.1))
    (fp_line (start 1.6 0.8) (end 1.6 -0.8) (layer B.Fab) (width 0.1))
    (fp_line (start -1.6 0.8) (end 1.6 0.8) (layer B.Fab) (width 0.1))
    (fp_line (start 1 -1.07) (end -1 -1.07) (layer B.SilkS) (width 0.12))
    (fp_line (start -1 1.07) (end 1 1.07) (layer B.SilkS) (width 0.12))
    (fp_line (start -2.15 1.11) (end 2.15 1.11) (layer B.CrtYd) (width 0.05))
    (fp_line (start -2.15 1.11) (end -2.15 -1.1) (layer B.CrtYd) (width 0.05))
    (fp_line (start 2.15 -1.1) (end 2.15 1.11) (layer B.CrtYd) (width 0.05))
    (fp_line (start 2.15 -1.1) (end -2.15 -1.1) (layer B.CrtYd) (width 0.05))
    (fp_text user %R (at 0 0 270) (layer B.Fab)
      (effects (font (size 0.7 0.7) (thickness 0.105)) (justify mirror))
    )
    (pad 1 smd rect (at -1.45 0 270) (size 0.9 1.7) (layers B.Cu B.Paste B.Mask)
      (net 26 "Net-(J10-Pad1)"))
    (pad 2 smd rect (at 1.45 0 270) (size 0.9 1.7) (layers B.Cu B.Paste B.Mask)
      (net 31 "Net-(D31-Pad2)"))
    (model ${KISYS3DMOD}/Resistors_SMD.3dshapes/R_1206.wrl
      (at (xyz 0 0 0))
      (scale (xyz 1 1 1))
      (rotate (xyz 0 0 0))
    )
  )

  (module Skalen-Beleuchtung:LEXTAR-PC35H13-V1 (layer B.Cu) (tedit 62C185BB) (tstamp 630B5FC2)
    (at 287.5 89.75 270)
    (path /630CD6AF)
    (attr smd)
    (fp_text reference D32 (at 0 0 270) (layer F.SilkS)
      (effects (font (size 1 1) (thickness 0.15)))
    )
    (fp_text value LEXTAR-PC35H13-V1 (at 0 2.25 270) (layer B.Fab)
      (effects (font (size 1 1) (thickness 0.15)) (justify mirror))
    )
    (fp_line (start -1.95 -1.4) (end 1.95 -1.4) (layer B.SilkS) (width 0.15))
    (fp_line (start -1.95 1.4) (end 1.95 1.4) (layer B.SilkS) (width 0.15))
    (fp_text user + (at -2.65 0.075 270) (layer B.SilkS)
      (effects (font (size 1 1) (thickness 0.15)) (justify mirror))
    )
    (pad 1 smd rect (at 0.95 0 270) (size 2 2.3) (layers B.Cu B.Paste B.Mask)
      (net 1 GND))
    (pad 2 smd rect (at -1.35 0 270) (size 1.2 2.3) (layers B.Cu B.Paste B.Mask)
      (net 32 "Net-(D32-Pad2)"))
  )

  (module Skalen-Beleuchtung:LEXTAR-PC35H13-V1 (layer B.Cu) (tedit 62C185BB) (tstamp 630B5FB9)
    (at 231 89.75 270)
    (path /630C9C30)
    (attr smd)
    (fp_text reference D31 (at -0.15 0 270) (layer F.SilkS)
      (effects (font (size 1 1) (thickness 0.15)))
    )
    (fp_text value LEXTAR-PC35H13-V1 (at 0 2.25 270) (layer B.Fab)
      (effects (font (size 1 1) (thickness 0.15)) (justify mirror))
    )
    (fp_line (start -1.95 -1.4) (end 1.95 -1.4) (layer B.SilkS) (width 0.15))
    (fp_line (start -1.95 1.4) (end 1.95 1.4) (layer B.SilkS) (width 0.15))
    (fp_text user + (at -2.65 0.075 270) (layer B.SilkS)
      (effects (font (size 1 1) (thickness 0.15)) (justify mirror))
    )
    (pad 1 smd rect (at 0.95 0 270) (size 2 2.3) (layers B.Cu B.Paste B.Mask)
      (net 1 GND))
    (pad 2 smd rect (at -1.35 0 270) (size 1.2 2.3) (layers B.Cu B.Paste B.Mask)
      (net 31 "Net-(D31-Pad2)"))
  )

  (module Resistors_SMD:R_1206 (layer B.Cu) (tedit 58E0A804) (tstamp 62F57451)
    (at 115.25 97.75 90)
    (descr "Resistor SMD 1206, reflow soldering, Vishay (see dcrcw.pdf)")
    (tags "resistor 1206")
    (path /62F65CE8)
    (attr smd)
    (fp_text reference R15 (at 0 -1.85 270) (layer B.SilkS)
      (effects (font (size 1 1) (thickness 0.15)) (justify mirror))
    )
    (fp_text value 300 (at 0 -1.95 270) (layer B.Fab)
      (effects (font (size 1 1) (thickness 0.15)) (justify mirror))
    )
    (fp_line (start 2.15 -1.1) (end -2.15 -1.1) (layer B.CrtYd) (width 0.05))
    (fp_line (start 2.15 -1.1) (end 2.15 1.11) (layer B.CrtYd) (width 0.05))
    (fp_line (start -2.15 1.11) (end -2.15 -1.1) (layer B.CrtYd) (width 0.05))
    (fp_line (start -2.15 1.11) (end 2.15 1.11) (layer B.CrtYd) (width 0.05))
    (fp_line (start -1 1.07) (end 1 1.07) (layer B.SilkS) (width 0.12))
    (fp_line (start 1 -1.07) (end -1 -1.07) (layer B.SilkS) (width 0.12))
    (fp_line (start -1.6 0.8) (end 1.6 0.8) (layer B.Fab) (width 0.1))
    (fp_line (start 1.6 0.8) (end 1.6 -0.8) (layer B.Fab) (width 0.1))
    (fp_line (start 1.6 -0.8) (end -1.6 -0.8) (layer B.Fab) (width 0.1))
    (fp_line (start -1.6 -0.8) (end -1.6 0.8) (layer B.Fab) (width 0.1))
    (fp_text user %R (at 0 0 270) (layer B.Fab)
      (effects (font (size 0.7 0.7) (thickness 0.105)) (justify mirror))
    )
    (pad 1 smd rect (at -1.45 0 90) (size 0.9 1.7) (layers B.Cu B.Paste B.Mask)
      (net 29 "Net-(J7-Pad1)"))
    (pad 2 smd rect (at 1.45 0 90) (size 0.9 1.7) (layers B.Cu B.Paste B.Mask)
      (net 12 "Net-(D15-Pad2)"))
    (model ${KISYS3DMOD}/Resistors_SMD.3dshapes/R_1206.wrl
      (at (xyz 0 0 0))
      (scale (xyz 1 1 1))
      (rotate (xyz 0 0 0))
    )
  )

  (module Resistors_SMD:R_1206 (layer B.Cu) (tedit 58E0A804) (tstamp 62F5744E)
    (at 97.25 97.75 90)
    (descr "Resistor SMD 1206, reflow soldering, Vishay (see dcrcw.pdf)")
    (tags "resistor 1206")
    (path /62F65CC8)
    (attr smd)
    (fp_text reference R14 (at 0 -1.85 270) (layer B.SilkS)
      (effects (font (size 1 1) (thickness 0.15)) (justify mirror))
    )
    (fp_text value 300 (at 0 -1.95 270) (layer B.Fab)
      (effects (font (size 1 1) (thickness 0.15)) (justify mirror))
    )
    (fp_line (start 2.15 -1.1) (end -2.15 -1.1) (layer B.CrtYd) (width 0.05))
    (fp_line (start 2.15 -1.1) (end 2.15 1.11) (layer B.CrtYd) (width 0.05))
    (fp_line (start -2.15 1.11) (end -2.15 -1.1) (layer B.CrtYd) (width 0.05))
    (fp_line (start -2.15 1.11) (end 2.15 1.11) (layer B.CrtYd) (width 0.05))
    (fp_line (start -1 1.07) (end 1 1.07) (layer B.SilkS) (width 0.12))
    (fp_line (start 1 -1.07) (end -1 -1.07) (layer B.SilkS) (width 0.12))
    (fp_line (start -1.6 0.8) (end 1.6 0.8) (layer B.Fab) (width 0.1))
    (fp_line (start 1.6 0.8) (end 1.6 -0.8) (layer B.Fab) (width 0.1))
    (fp_line (start 1.6 -0.8) (end -1.6 -0.8) (layer B.Fab) (width 0.1))
    (fp_line (start -1.6 -0.8) (end -1.6 0.8) (layer B.Fab) (width 0.1))
    (fp_text user %R (at 0 0 270) (layer B.Fab)
      (effects (font (size 0.7 0.7) (thickness 0.105)) (justify mirror))
    )
    (pad 1 smd rect (at -1.45 0 90) (size 0.9 1.7) (layers B.Cu B.Paste B.Mask)
      (net 29 "Net-(J7-Pad1)"))
    (pad 2 smd rect (at 1.45 0 90) (size 0.9 1.7) (layers B.Cu B.Paste B.Mask)
      (net 6 "Net-(D14-Pad2)"))
    (model ${KISYS3DMOD}/Resistors_SMD.3dshapes/R_1206.wrl
      (at (xyz 0 0 0))
      (scale (xyz 1 1 1))
      (rotate (xyz 0 0 0))
    )
  )

  (module Resistors_SMD:R_1206 (layer B.Cu) (tedit 58E0A804) (tstamp 62F5744B)
    (at 79.25 97.75 90)
    (descr "Resistor SMD 1206, reflow soldering, Vishay (see dcrcw.pdf)")
    (tags "resistor 1206")
    (path /62F5F9F2)
    (attr smd)
    (fp_text reference R13 (at 0 -1.85 270) (layer B.SilkS)
      (effects (font (size 1 1) (thickness 0.15)) (justify mirror))
    )
    (fp_text value 300 (at 0 -1.95 270) (layer B.Fab)
      (effects (font (size 1 1) (thickness 0.15)) (justify mirror))
    )
    (fp_line (start 2.15 -1.1) (end -2.15 -1.1) (layer B.CrtYd) (width 0.05))
    (fp_line (start 2.15 -1.1) (end 2.15 1.11) (layer B.CrtYd) (width 0.05))
    (fp_line (start -2.15 1.11) (end -2.15 -1.1) (layer B.CrtYd) (width 0.05))
    (fp_line (start -2.15 1.11) (end 2.15 1.11) (layer B.CrtYd) (width 0.05))
    (fp_line (start -1 1.07) (end 1 1.07) (layer B.SilkS) (width 0.12))
    (fp_line (start 1 -1.07) (end -1 -1.07) (layer B.SilkS) (width 0.12))
    (fp_line (start -1.6 0.8) (end 1.6 0.8) (layer B.Fab) (width 0.1))
    (fp_line (start 1.6 0.8) (end 1.6 -0.8) (layer B.Fab) (width 0.1))
    (fp_line (start 1.6 -0.8) (end -1.6 -0.8) (layer B.Fab) (width 0.1))
    (fp_line (start -1.6 -0.8) (end -1.6 0.8) (layer B.Fab) (width 0.1))
    (fp_text user %R (at 0 0 270) (layer B.Fab)
      (effects (font (size 0.7 0.7) (thickness 0.105)) (justify mirror))
    )
    (pad 1 smd rect (at -1.45 0 90) (size 0.9 1.7) (layers B.Cu B.Paste B.Mask)
      (net 29 "Net-(J7-Pad1)"))
    (pad 2 smd rect (at 1.45 0 90) (size 0.9 1.7) (layers B.Cu B.Paste B.Mask)
      (net 5 "Net-(D13-Pad2)"))
    (model ${KISYS3DMOD}/Resistors_SMD.3dshapes/R_1206.wrl
      (at (xyz 0 0 0))
      (scale (xyz 1 1 1))
      (rotate (xyz 0 0 0))
    )
  )

  (module Resistors_SMD:R_1206 (layer B.Cu) (tedit 58E0A804) (tstamp 62F57448)
    (at 61.25 97.75 90)
    (descr "Resistor SMD 1206, reflow soldering, Vishay (see dcrcw.pdf)")
    (tags "resistor 1206")
    (path /62F5F9D2)
    (attr smd)
    (fp_text reference R12 (at 0 -1.85 270) (layer B.SilkS)
      (effects (font (size 1 1) (thickness 0.15)) (justify mirror))
    )
    (fp_text value 300 (at 0 -1.95 270) (layer B.Fab)
      (effects (font (size 1 1) (thickness 0.15)) (justify mirror))
    )
    (fp_line (start 2.15 -1.1) (end -2.15 -1.1) (layer B.CrtYd) (width 0.05))
    (fp_line (start 2.15 -1.1) (end 2.15 1.11) (layer B.CrtYd) (width 0.05))
    (fp_line (start -2.15 1.11) (end -2.15 -1.1) (layer B.CrtYd) (width 0.05))
    (fp_line (start -2.15 1.11) (end 2.15 1.11) (layer B.CrtYd) (width 0.05))
    (fp_line (start -1 1.07) (end 1 1.07) (layer B.SilkS) (width 0.12))
    (fp_line (start 1 -1.07) (end -1 -1.07) (layer B.SilkS) (width 0.12))
    (fp_line (start -1.6 0.8) (end 1.6 0.8) (layer B.Fab) (width 0.1))
    (fp_line (start 1.6 0.8) (end 1.6 -0.8) (layer B.Fab) (width 0.1))
    (fp_line (start 1.6 -0.8) (end -1.6 -0.8) (layer B.Fab) (width 0.1))
    (fp_line (start -1.6 -0.8) (end -1.6 0.8) (layer B.Fab) (width 0.1))
    (fp_text user %R (at 0 0 270) (layer B.Fab)
      (effects (font (size 0.7 0.7) (thickness 0.105)) (justify mirror))
    )
    (pad 1 smd rect (at -1.45 0 90) (size 0.9 1.7) (layers B.Cu B.Paste B.Mask)
      (net 29 "Net-(J7-Pad1)"))
    (pad 2 smd rect (at 1.45 0 90) (size 0.9 1.7) (layers B.Cu B.Paste B.Mask)
      (net 4 "Net-(D12-Pad2)"))
    (model ${KISYS3DMOD}/Resistors_SMD.3dshapes/R_1206.wrl
      (at (xyz 0 0 0))
      (scale (xyz 1 1 1))
      (rotate (xyz 0 0 0))
    )
  )

  (module Resistors_SMD:R_1206 (layer B.Cu) (tedit 58E0A804) (tstamp 62F57445)
    (at 43.25 97.75 90)
    (descr "Resistor SMD 1206, reflow soldering, Vishay (see dcrcw.pdf)")
    (tags "resistor 1206")
    (path /62F5E2EB)
    (attr smd)
    (fp_text reference R11 (at 0 -1.85 270) (layer B.SilkS)
      (effects (font (size 1 1) (thickness 0.15)) (justify mirror))
    )
    (fp_text value 300 (at 0 -1.95 270) (layer B.Fab)
      (effects (font (size 1 1) (thickness 0.15)) (justify mirror))
    )
    (fp_line (start 2.15 -1.1) (end -2.15 -1.1) (layer B.CrtYd) (width 0.05))
    (fp_line (start 2.15 -1.1) (end 2.15 1.11) (layer B.CrtYd) (width 0.05))
    (fp_line (start -2.15 1.11) (end -2.15 -1.1) (layer B.CrtYd) (width 0.05))
    (fp_line (start -2.15 1.11) (end 2.15 1.11) (layer B.CrtYd) (width 0.05))
    (fp_line (start -1 1.07) (end 1 1.07) (layer B.SilkS) (width 0.12))
    (fp_line (start 1 -1.07) (end -1 -1.07) (layer B.SilkS) (width 0.12))
    (fp_line (start -1.6 0.8) (end 1.6 0.8) (layer B.Fab) (width 0.1))
    (fp_line (start 1.6 0.8) (end 1.6 -0.8) (layer B.Fab) (width 0.1))
    (fp_line (start 1.6 -0.8) (end -1.6 -0.8) (layer B.Fab) (width 0.1))
    (fp_line (start -1.6 -0.8) (end -1.6 0.8) (layer B.Fab) (width 0.1))
    (fp_text user %R (at 0 0 270) (layer B.Fab)
      (effects (font (size 0.7 0.7) (thickness 0.105)) (justify mirror))
    )
    (pad 1 smd rect (at -1.45 0 90) (size 0.9 1.7) (layers B.Cu B.Paste B.Mask)
      (net 29 "Net-(J7-Pad1)"))
    (pad 2 smd rect (at 1.45 0 90) (size 0.9 1.7) (layers B.Cu B.Paste B.Mask)
      (net 3 "Net-(D11-Pad2)"))
    (model ${KISYS3DMOD}/Resistors_SMD.3dshapes/R_1206.wrl
      (at (xyz 0 0 0))
      (scale (xyz 1 1 1))
      (rotate (xyz 0 0 0))
    )
  )

  (module Skalen-Beleuchtung:LEXTAR-PC35H13-V1 (layer B.Cu) (tedit 62C185BB) (tstamp 62F573BC)
    (at 133.25 90.25 90)
    (path /62F65D1D)
    (attr smd)
    (fp_text reference D17 (at 0 -2.4 270) (layer B.SilkS)
      (effects (font (size 1 1) (thickness 0.15)) (justify mirror))
    )
    (fp_text value LEXTAR-PC35H13-V1 (at 0 2.25 270) (layer B.Fab)
      (effects (font (size 1 1) (thickness 0.15)) (justify mirror))
    )
    (fp_line (start -1.95 1.4) (end 1.95 1.4) (layer B.SilkS) (width 0.15))
    (fp_line (start -1.95 -1.4) (end 1.95 -1.4) (layer B.SilkS) (width 0.15))
    (fp_text user + (at -2.65 0.075 270) (layer B.SilkS)
      (effects (font (size 1 1) (thickness 0.15)) (justify mirror))
    )
    (pad 1 smd rect (at 0.95 0 90) (size 2 2.3) (layers B.Cu B.Paste B.Mask)
      (net 1 GND))
    (pad 2 smd rect (at -1.35 0 90) (size 1.2 2.3) (layers B.Cu B.Paste B.Mask)
      (net 14 "Net-(D17-Pad2)"))
  )

  (module Skalen-Beleuchtung:LEXTAR-PC35H13-V1 (layer B.Cu) (tedit 62C185BB) (tstamp 62F573B3)
    (at 151.25 90.25 90)
    (path /62F65CFD)
    (attr smd)
    (fp_text reference D16 (at 0 -2.4 270) (layer B.SilkS)
      (effects (font (size 1 1) (thickness 0.15)) (justify mirror))
    )
    (fp_text value LEXTAR-PC35H13-V1 (at 0 2.25 270) (layer B.Fab)
      (effects (font (size 1 1) (thickness 0.15)) (justify mirror))
    )
    (fp_line (start -1.95 -1.4) (end 1.95 -1.4) (layer B.SilkS) (width 0.15))
    (fp_line (start -1.95 1.4) (end 1.95 1.4) (layer B.SilkS) (width 0.15))
    (fp_text user + (at -2.65 0.075 270) (layer B.SilkS)
      (effects (font (size 1 1) (thickness 0.15)) (justify mirror))
    )
    (pad 2 smd rect (at -1.35 0 90) (size 1.2 2.3) (layers B.Cu B.Paste B.Mask)
      (net 13 "Net-(D16-Pad2)"))
    (pad 1 smd rect (at 0.95 0 90) (size 2 2.3) (layers B.Cu B.Paste B.Mask)
      (net 1 GND))
  )

  (module Skalen-Beleuchtung:LEXTAR-PC35H13-V1 (layer B.Cu) (tedit 62C185BB) (tstamp 62F573AA)
    (at 115.25 90.25 90)
    (path /62F65CDD)
    (attr smd)
    (fp_text reference D15 (at 0 -2.4 270) (layer B.SilkS)
      (effects (font (size 1 1) (thickness 0.15)) (justify mirror))
    )
    (fp_text value LEXTAR-PC35H13-V1 (at 0 2.25 270) (layer B.Fab)
      (effects (font (size 1 1) (thickness 0.15)) (justify mirror))
    )
    (fp_line (start -1.95 1.4) (end 1.95 1.4) (layer B.SilkS) (width 0.15))
    (fp_line (start -1.95 -1.4) (end 1.95 -1.4) (layer B.SilkS) (width 0.15))
    (fp_text user + (at -2.65 0.075 270) (layer B.SilkS)
      (effects (font (size 1 1) (thickness 0.15)) (justify mirror))
    )
    (pad 1 smd rect (at 0.95 0 90) (size 2 2.3) (layers B.Cu B.Paste B.Mask)
      (net 1 GND))
    (pad 2 smd rect (at -1.35 0 90) (size 1.2 2.3) (layers B.Cu B.Paste B.Mask)
      (net 12 "Net-(D15-Pad2)"))
  )

  (module Skalen-Beleuchtung:LEXTAR-PC35H13-V1 (layer B.Cu) (tedit 62C185BB) (tstamp 62F573A1)
    (at 97.25 90.25 90)
    (path /62F65B35)
    (attr smd)
    (fp_text reference D14 (at 0 -2.4 270) (layer B.SilkS)
      (effects (font (size 1 1) (thickness 0.15)) (justify mirror))
    )
    (fp_text value LEXTAR-PC35H13-V1 (at 0 2.25 270) (layer B.Fab)
      (effects (font (size 1 1) (thickness 0.15)) (justify mirror))
    )
    (fp_line (start -1.95 1.4) (end 1.95 1.4) (layer B.SilkS) (width 0.15))
    (fp_line (start -1.95 -1.4) (end 1.95 -1.4) (layer B.SilkS) (width 0.15))
    (fp_text user + (at -2.65 0.075 270) (layer B.SilkS)
      (effects (font (size 1 1) (thickness 0.15)) (justify mirror))
    )
    (pad 1 smd rect (at 0.95 0 90) (size 2 2.3) (layers B.Cu B.Paste B.Mask)
      (net 1 GND))
    (pad 2 smd rect (at -1.35 0 90) (size 1.2 2.3) (layers B.Cu B.Paste B.Mask)
      (net 6 "Net-(D14-Pad2)"))
  )

  (module Skalen-Beleuchtung:LEXTAR-PC35H13-V1 (layer B.Cu) (tedit 62C185BB) (tstamp 62F57398)
    (at 79.25 90.25 90)
    (path /62F5F9E7)
    (attr smd)
    (fp_text reference D13 (at 0 -2.4 270) (layer B.SilkS)
      (effects (font (size 1 1) (thickness 0.15)) (justify mirror))
    )
    (fp_text value LEXTAR-PC35H13-V1 (at 0 2.25 270) (layer B.Fab)
      (effects (font (size 1 1) (thickness 0.15)) (justify mirror))
    )
    (fp_line (start -1.95 1.4) (end 1.95 1.4) (layer B.SilkS) (width 0.15))
    (fp_line (start -1.95 -1.4) (end 1.95 -1.4) (layer B.SilkS) (width 0.15))
    (fp_text user + (at -2.65 0.075 270) (layer B.SilkS)
      (effects (font (size 1 1) (thickness 0.15)) (justify mirror))
    )
    (pad 1 smd rect (at 0.95 0 90) (size 2 2.3) (layers B.Cu B.Paste B.Mask)
      (net 1 GND))
    (pad 2 smd rect (at -1.35 0 90) (size 1.2 2.3) (layers B.Cu B.Paste B.Mask)
      (net 5 "Net-(D13-Pad2)"))
  )

  (module Skalen-Beleuchtung:LEXTAR-PC35H13-V1 (layer B.Cu) (tedit 62C185BB) (tstamp 62F5738F)
    (at 61.25 90.25 90)
    (path /62F5F8A7)
    (attr smd)
    (fp_text reference D12 (at 0 -2.4 270) (layer B.SilkS)
      (effects (font (size 1 1) (thickness 0.15)) (justify mirror))
    )
    (fp_text value LEXTAR-PC35H13-V1 (at 0 2.25 270) (layer B.Fab)
      (effects (font (size 1 1) (thickness 0.15)) (justify mirror))
    )
    (fp_line (start -1.95 1.4) (end 1.95 1.4) (layer B.SilkS) (width 0.15))
    (fp_line (start -1.95 -1.4) (end 1.95 -1.4) (layer B.SilkS) (width 0.15))
    (fp_text user + (at -2.65 0.075 270) (layer B.SilkS)
      (effects (font (size 1 1) (thickness 0.15)) (justify mirror))
    )
    (pad 1 smd rect (at 0.95 0 90) (size 2 2.3) (layers B.Cu B.Paste B.Mask)
      (net 1 GND))
    (pad 2 smd rect (at -1.35 0 90) (size 1.2 2.3) (layers B.Cu B.Paste B.Mask)
      (net 4 "Net-(D12-Pad2)"))
  )

  (module Skalen-Beleuchtung:LEXTAR-PC35H13-V1 (layer B.Cu) (tedit 62C185BB) (tstamp 62F57386)
    (at 43.25 90.25 90)
    (path /62F5E1F4)
    (attr smd)
    (fp_text reference D11 (at 0 -2.4 270) (layer B.SilkS)
      (effects (font (size 1 1) (thickness 0.15)) (justify mirror))
    )
    (fp_text value LEXTAR-PC35H13-V1 (at 0 2.25 270) (layer B.Fab)
      (effects (font (size 1 1) (thickness 0.15)) (justify mirror))
    )
    (fp_line (start -1.95 1.4) (end 1.95 1.4) (layer B.SilkS) (width 0.15))
    (fp_line (start -1.95 -1.4) (end 1.95 -1.4) (layer B.SilkS) (width 0.15))
    (fp_text user + (at -2.65 0.075 270) (layer B.SilkS)
      (effects (font (size 1 1) (thickness 0.15)) (justify mirror))
    )
    (pad 1 smd rect (at 0.95 0 90) (size 2 2.3) (layers B.Cu B.Paste B.Mask)
      (net 1 GND))
    (pad 2 smd rect (at -1.35 0 90) (size 1.2 2.3) (layers B.Cu B.Paste B.Mask)
      (net 3 "Net-(D11-Pad2)"))
  )

  (module Skalen-Beleuchtung:LEXTAR-PC35H13-V1 (layer B.Cu) (tedit 62C185BB) (tstamp 62F5833B)
    (at 187.25 90.25 90)
    (path /62F7DEA0)
    (attr smd)
    (fp_text reference D19 (at 0 -2.4 270) (layer B.SilkS)
      (effects (font (size 1 1) (thickness 0.15)) (justify mirror))
    )
    (fp_text value LEXTAR-PC35H13-V1 (at 0 2.25 270) (layer B.Fab)
      (effects (font (size 1 1) (thickness 0.15)) (justify mirror))
    )
    (fp_line (start -1.95 -1.4) (end 1.95 -1.4) (layer B.SilkS) (width 0.15))
    (fp_line (start -1.95 1.4) (end 1.95 1.4) (layer B.SilkS) (width 0.15))
    (fp_text user + (at -2.65 0.075 270) (layer B.SilkS)
      (effects (font (size 1 1) (thickness 0.15)) (justify mirror))
    )
    (pad 2 smd rect (at -1.35 0 90) (size 1.2 2.3) (layers B.Cu B.Paste B.Mask)
      (net 16 "Net-(D19-Pad2)"))
    (pad 1 smd rect (at 0.95 0 90) (size 2 2.3) (layers B.Cu B.Paste B.Mask)
      (net 1 GND))
  )

  (module Resistors_SMD:R_1206 (layer B.Cu) (tedit 58E0A804) (tstamp 62F584B9)
    (at 187.25 97.75 90)
    (descr "Resistor SMD 1206, reflow soldering, Vishay (see dcrcw.pdf)")
    (tags "resistor 1206")
    (path /62F7DE95)
    (attr smd)
    (fp_text reference R19 (at 0 -1.85 270) (layer B.SilkS)
      (effects (font (size 1 1) (thickness 0.15)) (justify mirror))
    )
    (fp_text value 300 (at 0 -1.95 270) (layer B.Fab)
      (effects (font (size 1 1) (thickness 0.15)) (justify mirror))
    )
    (fp_line (start -1.6 -0.8) (end -1.6 0.8) (layer B.Fab) (width 0.1))
    (fp_line (start 1.6 -0.8) (end -1.6 -0.8) (layer B.Fab) (width 0.1))
    (fp_line (start 1.6 0.8) (end 1.6 -0.8) (layer B.Fab) (width 0.1))
    (fp_line (start -1.6 0.8) (end 1.6 0.8) (layer B.Fab) (width 0.1))
    (fp_line (start 1 -1.07) (end -1 -1.07) (layer B.SilkS) (width 0.12))
    (fp_line (start -1 1.07) (end 1 1.07) (layer B.SilkS) (width 0.12))
    (fp_line (start -2.15 1.11) (end 2.15 1.11) (layer B.CrtYd) (width 0.05))
    (fp_line (start -2.15 1.11) (end -2.15 -1.1) (layer B.CrtYd) (width 0.05))
    (fp_line (start 2.15 -1.1) (end 2.15 1.11) (layer B.CrtYd) (width 0.05))
    (fp_line (start 2.15 -1.1) (end -2.15 -1.1) (layer B.CrtYd) (width 0.05))
    (fp_text user %R (at 0 0 270) (layer B.Fab)
      (effects (font (size 0.7 0.7) (thickness 0.105)) (justify mirror))
    )
    (pad 2 smd rect (at 1.45 0 90) (size 0.9 1.7) (layers B.Cu B.Paste B.Mask)
      (net 16 "Net-(D19-Pad2)"))
    (pad 1 smd rect (at -1.45 0 90) (size 0.9 1.7) (layers B.Cu B.Paste B.Mask)
      (net 29 "Net-(J7-Pad1)"))
    (model ${KISYS3DMOD}/Resistors_SMD.3dshapes/R_1206.wrl
      (at (xyz 0 0 0))
      (scale (xyz 1 1 1))
      (rotate (xyz 0 0 0))
    )
  )

  (module Skalen-Beleuchtung:LEXTAR-PC35H13-V1 (layer B.Cu) (tedit 62C185BB) (tstamp 62F59818)
    (at 187.25 119.75 270)
    (path /62FAEDCF)
    (attr smd)
    (fp_text reference D29 (at 0 2.4 90) (layer B.SilkS)
      (effects (font (size 1 1) (thickness 0.15)) (justify mirror))
    )
    (fp_text value LEXTAR-PC35H13-V1 (at 0 2.25 90) (layer B.Fab)
      (effects (font (size 1 1) (thickness 0.15)) (justify mirror))
    )
    (fp_line (start -1.95 1.4) (end 1.95 1.4) (layer B.SilkS) (width 0.15))
    (fp_line (start -1.95 -1.4) (end 1.95 -1.4) (layer B.SilkS) (width 0.15))
    (fp_text user + (at -2.65 0.075 90) (layer B.SilkS)
      (effects (font (size 1 1) (thickness 0.15)) (justify mirror))
    )
    (pad 1 smd rect (at 0.95 0 270) (size 2 2.3) (layers B.Cu B.Paste B.Mask)
      (net 1 GND))
    (pad 2 smd rect (at -1.35 0 270) (size 1.2 2.3) (layers B.Cu B.Paste B.Mask)
      (net 25 "Net-(D29-Pad2)"))
  )

  (module Resistors_SMD:R_1206 (layer B.Cu) (tedit 58E0A804) (tstamp 62F59A21)
    (at 187.25 112.25 270)
    (descr "Resistor SMD 1206, reflow soldering, Vishay (see dcrcw.pdf)")
    (tags "resistor 1206")
    (path /62FAEDC4)
    (attr smd)
    (fp_text reference R29 (at 0 1.85 90) (layer B.SilkS)
      (effects (font (size 1 1) (thickness 0.15)) (justify mirror))
    )
    (fp_text value 300 (at 0 -1.95 90) (layer B.Fab)
      (effects (font (size 1 1) (thickness 0.15)) (justify mirror))
    )
    (fp_line (start 2.15 -1.1) (end -2.15 -1.1) (layer B.CrtYd) (width 0.05))
    (fp_line (start 2.15 -1.1) (end 2.15 1.11) (layer B.CrtYd) (width 0.05))
    (fp_line (start -2.15 1.11) (end -2.15 -1.1) (layer B.CrtYd) (width 0.05))
    (fp_line (start -2.15 1.11) (end 2.15 1.11) (layer B.CrtYd) (width 0.05))
    (fp_line (start -1 1.07) (end 1 1.07) (layer B.SilkS) (width 0.12))
    (fp_line (start 1 -1.07) (end -1 -1.07) (layer B.SilkS) (width 0.12))
    (fp_line (start -1.6 0.8) (end 1.6 0.8) (layer B.Fab) (width 0.1))
    (fp_line (start 1.6 0.8) (end 1.6 -0.8) (layer B.Fab) (width 0.1))
    (fp_line (start 1.6 -0.8) (end -1.6 -0.8) (layer B.Fab) (width 0.1))
    (fp_line (start -1.6 -0.8) (end -1.6 0.8) (layer B.Fab) (width 0.1))
    (fp_text user %R (at 0 0 90) (layer B.Fab)
      (effects (font (size 0.7 0.7) (thickness 0.105)) (justify mirror))
    )
    (pad 1 smd rect (at -1.45 0 270) (size 0.9 1.7) (layers B.Cu B.Paste B.Mask)
      (net 29 "Net-(J7-Pad1)"))
    (pad 2 smd rect (at 1.45 0 270) (size 0.9 1.7) (layers B.Cu B.Paste B.Mask)
      (net 25 "Net-(D29-Pad2)"))
    (model ${KISYS3DMOD}/Resistors_SMD.3dshapes/R_1206.wrl
      (at (xyz 0 0 0))
      (scale (xyz 1 1 1))
      (rotate (xyz 0 0 0))
    )
  )

  (module Skalen-Beleuchtung:LEXTAR-PC35H13-V1 (layer B.Cu) (tedit 62C185BB) (tstamp 62F58332)
    (at 169.25 90.25 90)
    (path /62F7DEC0)
    (attr smd)
    (fp_text reference D18 (at 0 -2.4 270) (layer B.SilkS)
      (effects (font (size 1 1) (thickness 0.15)) (justify mirror))
    )
    (fp_text value LEXTAR-PC35H13-V1 (at 0 2.25 270) (layer B.Fab)
      (effects (font (size 1 1) (thickness 0.15)) (justify mirror))
    )
    (fp_line (start -1.95 -1.4) (end 1.95 -1.4) (layer B.SilkS) (width 0.15))
    (fp_line (start -1.95 1.4) (end 1.95 1.4) (layer B.SilkS) (width 0.15))
    (fp_text user + (at -2.65 0.075 270) (layer B.SilkS)
      (effects (font (size 1 1) (thickness 0.15)) (justify mirror))
    )
    (pad 2 smd rect (at -1.35 0 90) (size 1.2 2.3) (layers B.Cu B.Paste B.Mask)
      (net 15 "Net-(D18-Pad2)"))
    (pad 1 smd rect (at 0.95 0 90) (size 2 2.3) (layers B.Cu B.Paste B.Mask)
      (net 1 GND))
  )

  (module Resistors_SMD:R_1206 (layer B.Cu) (tedit 58E0A804) (tstamp 62F584B6)
    (at 169.25 97.75 90)
    (descr "Resistor SMD 1206, reflow soldering, Vishay (see dcrcw.pdf)")
    (tags "resistor 1206")
    (path /62F7DEB5)
    (attr smd)
    (fp_text reference R18 (at 0 -1.85 270) (layer B.SilkS)
      (effects (font (size 1 1) (thickness 0.15)) (justify mirror))
    )
    (fp_text value 300 (at 0 -1.95 270) (layer B.Fab)
      (effects (font (size 1 1) (thickness 0.15)) (justify mirror))
    )
    (fp_line (start -1.6 -0.8) (end -1.6 0.8) (layer B.Fab) (width 0.1))
    (fp_line (start 1.6 -0.8) (end -1.6 -0.8) (layer B.Fab) (width 0.1))
    (fp_line (start 1.6 0.8) (end 1.6 -0.8) (layer B.Fab) (width 0.1))
    (fp_line (start -1.6 0.8) (end 1.6 0.8) (layer B.Fab) (width 0.1))
    (fp_line (start 1 -1.07) (end -1 -1.07) (layer B.SilkS) (width 0.12))
    (fp_line (start -1 1.07) (end 1 1.07) (layer B.SilkS) (width 0.12))
    (fp_line (start -2.15 1.11) (end 2.15 1.11) (layer B.CrtYd) (width 0.05))
    (fp_line (start -2.15 1.11) (end -2.15 -1.1) (layer B.CrtYd) (width 0.05))
    (fp_line (start 2.15 -1.1) (end 2.15 1.11) (layer B.CrtYd) (width 0.05))
    (fp_line (start 2.15 -1.1) (end -2.15 -1.1) (layer B.CrtYd) (width 0.05))
    (fp_text user %R (at 0 0 270) (layer B.Fab)
      (effects (font (size 0.7 0.7) (thickness 0.105)) (justify mirror))
    )
    (pad 2 smd rect (at 1.45 0 90) (size 0.9 1.7) (layers B.Cu B.Paste B.Mask)
      (net 15 "Net-(D18-Pad2)"))
    (pad 1 smd rect (at -1.45 0 90) (size 0.9 1.7) (layers B.Cu B.Paste B.Mask)
      (net 29 "Net-(J7-Pad1)"))
    (model ${KISYS3DMOD}/Resistors_SMD.3dshapes/R_1206.wrl
      (at (xyz 0 0 0))
      (scale (xyz 1 1 1))
      (rotate (xyz 0 0 0))
    )
  )

  (module Skalen-Beleuchtung:LEXTAR-PC35H13-V1 (layer B.Cu) (tedit 62C185BB) (tstamp 62F5980F)
    (at 169.25 119.75 270)
    (path /62FAEDEF)
    (attr smd)
    (fp_text reference D28 (at 0 2.4 90) (layer B.SilkS)
      (effects (font (size 1 1) (thickness 0.15)) (justify mirror))
    )
    (fp_text value LEXTAR-PC35H13-V1 (at 0 2.25 90) (layer B.Fab)
      (effects (font (size 1 1) (thickness 0.15)) (justify mirror))
    )
    (fp_line (start -1.95 1.4) (end 1.95 1.4) (layer B.SilkS) (width 0.15))
    (fp_line (start -1.95 -1.4) (end 1.95 -1.4) (layer B.SilkS) (width 0.15))
    (fp_text user + (at -2.65 0.075 90) (layer B.SilkS)
      (effects (font (size 1 1) (thickness 0.15)) (justify mirror))
    )
    (pad 1 smd rect (at 0.95 0 270) (size 2 2.3) (layers B.Cu B.Paste B.Mask)
      (net 1 GND))
    (pad 2 smd rect (at -1.35 0 270) (size 1.2 2.3) (layers B.Cu B.Paste B.Mask)
      (net 24 "Net-(D28-Pad2)"))
  )

  (module Resistors_SMD:R_1206 (layer B.Cu) (tedit 58E0A804) (tstamp 62F59A1E)
    (at 169.25 112.25 270)
    (descr "Resistor SMD 1206, reflow soldering, Vishay (see dcrcw.pdf)")
    (tags "resistor 1206")
    (path /62FAEDE4)
    (attr smd)
    (fp_text reference R28 (at 0 1.85 90) (layer B.SilkS)
      (effects (font (size 1 1) (thickness 0.15)) (justify mirror))
    )
    (fp_text value 300 (at 0 -1.95 90) (layer B.Fab)
      (effects (font (size 1 1) (thickness 0.15)) (justify mirror))
    )
    (fp_line (start 2.15 -1.1) (end -2.15 -1.1) (layer B.CrtYd) (width 0.05))
    (fp_line (start 2.15 -1.1) (end 2.15 1.11) (layer B.CrtYd) (width 0.05))
    (fp_line (start -2.15 1.11) (end -2.15 -1.1) (layer B.CrtYd) (width 0.05))
    (fp_line (start -2.15 1.11) (end 2.15 1.11) (layer B.CrtYd) (width 0.05))
    (fp_line (start -1 1.07) (end 1 1.07) (layer B.SilkS) (width 0.12))
    (fp_line (start 1 -1.07) (end -1 -1.07) (layer B.SilkS) (width 0.12))
    (fp_line (start -1.6 0.8) (end 1.6 0.8) (layer B.Fab) (width 0.1))
    (fp_line (start 1.6 0.8) (end 1.6 -0.8) (layer B.Fab) (width 0.1))
    (fp_line (start 1.6 -0.8) (end -1.6 -0.8) (layer B.Fab) (width 0.1))
    (fp_line (start -1.6 -0.8) (end -1.6 0.8) (layer B.Fab) (width 0.1))
    (fp_text user %R (at 0 0 90) (layer B.Fab)
      (effects (font (size 0.7 0.7) (thickness 0.105)) (justify mirror))
    )
    (pad 1 smd rect (at -1.45 0 270) (size 0.9 1.7) (layers B.Cu B.Paste B.Mask)
      (net 29 "Net-(J7-Pad1)"))
    (pad 2 smd rect (at 1.45 0 270) (size 0.9 1.7) (layers B.Cu B.Paste B.Mask)
      (net 24 "Net-(D28-Pad2)"))
    (model ${KISYS3DMOD}/Resistors_SMD.3dshapes/R_1206.wrl
      (at (xyz 0 0 0))
      (scale (xyz 1 1 1))
      (rotate (xyz 0 0 0))
    )
  )

  (module Resistors_SMD:R_1206 (layer B.Cu) (tedit 58E0A804) (tstamp 62F59A1B)
    (at 151.25 112.25 270)
    (descr "Resistor SMD 1206, reflow soldering, Vishay (see dcrcw.pdf)")
    (tags "resistor 1206")
    (path /62FAED04)
    (attr smd)
    (fp_text reference R27 (at 0 1.85 90) (layer B.SilkS)
      (effects (font (size 1 1) (thickness 0.15)) (justify mirror))
    )
    (fp_text value 300 (at 0 -1.95 90) (layer B.Fab)
      (effects (font (size 1 1) (thickness 0.15)) (justify mirror))
    )
    (fp_line (start 2.15 -1.1) (end -2.15 -1.1) (layer B.CrtYd) (width 0.05))
    (fp_line (start 2.15 -1.1) (end 2.15 1.11) (layer B.CrtYd) (width 0.05))
    (fp_line (start -2.15 1.11) (end -2.15 -1.1) (layer B.CrtYd) (width 0.05))
    (fp_line (start -2.15 1.11) (end 2.15 1.11) (layer B.CrtYd) (width 0.05))
    (fp_line (start -1 1.07) (end 1 1.07) (layer B.SilkS) (width 0.12))
    (fp_line (start 1 -1.07) (end -1 -1.07) (layer B.SilkS) (width 0.12))
    (fp_line (start -1.6 0.8) (end 1.6 0.8) (layer B.Fab) (width 0.1))
    (fp_line (start 1.6 0.8) (end 1.6 -0.8) (layer B.Fab) (width 0.1))
    (fp_line (start 1.6 -0.8) (end -1.6 -0.8) (layer B.Fab) (width 0.1))
    (fp_line (start -1.6 -0.8) (end -1.6 0.8) (layer B.Fab) (width 0.1))
    (fp_text user %R (at 0 0 90) (layer B.Fab)
      (effects (font (size 0.7 0.7) (thickness 0.105)) (justify mirror))
    )
    (pad 1 smd rect (at -1.45 0 270) (size 0.9 1.7) (layers B.Cu B.Paste B.Mask)
      (net 29 "Net-(J7-Pad1)"))
    (pad 2 smd rect (at 1.45 0 270) (size 0.9 1.7) (layers B.Cu B.Paste B.Mask)
      (net 23 "Net-(D27-Pad2)"))
    (model ${KISYS3DMOD}/Resistors_SMD.3dshapes/R_1206.wrl
      (at (xyz 0 0 0))
      (scale (xyz 1 1 1))
      (rotate (xyz 0 0 0))
    )
  )

  (module Resistors_SMD:R_1206 (layer B.Cu) (tedit 58E0A804) (tstamp 62F59A18)
    (at 133.25 112.25 270)
    (descr "Resistor SMD 1206, reflow soldering, Vishay (see dcrcw.pdf)")
    (tags "resistor 1206")
    (path /62FAED24)
    (attr smd)
    (fp_text reference R26 (at 0 1.85 90) (layer B.SilkS)
      (effects (font (size 1 1) (thickness 0.15)) (justify mirror))
    )
    (fp_text value 300 (at 0 -1.95 90) (layer B.Fab)
      (effects (font (size 1 1) (thickness 0.15)) (justify mirror))
    )
    (fp_line (start 2.15 -1.1) (end -2.15 -1.1) (layer B.CrtYd) (width 0.05))
    (fp_line (start 2.15 -1.1) (end 2.15 1.11) (layer B.CrtYd) (width 0.05))
    (fp_line (start -2.15 1.11) (end -2.15 -1.1) (layer B.CrtYd) (width 0.05))
    (fp_line (start -2.15 1.11) (end 2.15 1.11) (layer B.CrtYd) (width 0.05))
    (fp_line (start -1 1.07) (end 1 1.07) (layer B.SilkS) (width 0.12))
    (fp_line (start 1 -1.07) (end -1 -1.07) (layer B.SilkS) (width 0.12))
    (fp_line (start -1.6 0.8) (end 1.6 0.8) (layer B.Fab) (width 0.1))
    (fp_line (start 1.6 0.8) (end 1.6 -0.8) (layer B.Fab) (width 0.1))
    (fp_line (start 1.6 -0.8) (end -1.6 -0.8) (layer B.Fab) (width 0.1))
    (fp_line (start -1.6 -0.8) (end -1.6 0.8) (layer B.Fab) (width 0.1))
    (fp_text user %R (at 0 0 90) (layer B.Fab)
      (effects (font (size 0.7 0.7) (thickness 0.105)) (justify mirror))
    )
    (pad 1 smd rect (at -1.45 0 270) (size 0.9 1.7) (layers B.Cu B.Paste B.Mask)
      (net 29 "Net-(J7-Pad1)"))
    (pad 2 smd rect (at 1.45 0 270) (size 0.9 1.7) (layers B.Cu B.Paste B.Mask)
      (net 22 "Net-(D26-Pad2)"))
    (model ${KISYS3DMOD}/Resistors_SMD.3dshapes/R_1206.wrl
      (at (xyz 0 0 0))
      (scale (xyz 1 1 1))
      (rotate (xyz 0 0 0))
    )
  )

  (module Resistors_SMD:R_1206 (layer B.Cu) (tedit 58E0A804) (tstamp 62F59A15)
    (at 115.25 112.25 270)
    (descr "Resistor SMD 1206, reflow soldering, Vishay (see dcrcw.pdf)")
    (tags "resistor 1206")
    (path /62FAED44)
    (attr smd)
